16
123 333
151 333
151 326
159 326
159 317
154 317
154 314
149 314
149 310
124 310
124 314
120 314
120 317
116 317
116 326
123 326
16
211 333
239 333
239 326
246 326
246 317
242 317
242 314
237 314
237 310
212 310
212 314
208 314
208 317
203 317
203 326
211 326
7
153 342
153 349
164 349
167 352
170 349
173 349
173 342
7
190 342
190 349
193 349
195 352
198 349
210 349
210 342
4
215 302
229 302
229 291
214 291
4
196 241
196 253
227 253
227 241
4
145 241
176 241
176 253
145 253
14
236 236
246 236
246 239
302 239
302 239
302 253
287 251
287 254
281 254
281 254
281 250
246 250
246 253
236 253
4
236 274
270 274
270 261
236 261
4
273 260
273 274
305 274
305 260
4
243 283
243 296
270 296
270 283
4
273 282
273 296
305 296
305 282
4
257 299
248 299
248 311
257 311
4
259 299
259 311
268 311
268 299
4
258 313
258 320
268 320
268 313
9
272 301
272 325
278 325
282 323
285 316
282 316
282 308
280 308
280 301
4
88 282
88 273
63 273
63 282
4
63 282
75 282
75 287
63 287
8
63 287
127 287
127 310
71 310
71 300
100 300
100 296
63 296
4
102 296
102 300
124 300
124 296
6
88 273
88 280
95 280
95 278
91 278
90 277
20
91 270
91 278
127 278
127 239
94 239
94 234
79 234
79 239
77 239
77 234
68 233
68 239
61 239
61 249
65 246
65 265
76 265
76 268
119 267
119 270
4
103 247
103 258
119 258
119 247
4
54 284
42 284
42 309
54 309
4
56 278
29 278
29 271
56 271
4
58 261
27 261
27 250
58 250
4
58 248
35 248
35 236
58 236
4
106 201
106 219
176 219
176 201
4
106 174
106 191
176 191
176 174
4
187 174
187 191
257 191
257 174
4
187 201
187 219
257 219
257 201
4
100 224
100 212
66 212
66 224
4
52 207
30 207
30 196
52 196
8
57 196
65 204
77 204
84 196
84 185
76 177
65 177
57 185
4
273 177
319 177
319 165
273 165
4
268 201
268 226
299 226
299 201
9
286 197
286 182
319 182
319 196
313 196
313 193
299 193
299 197
286 197
4
309 214
309 226
318 226
318 214
4
309 199
309 212
323 212
323 199
8
311 229
311 235
316 235
316 237
321 237
321 228
317 228
317 229
6
275 161
300 163
324 163
324 158
295 157
276 155
4
276 130
322 135
323 120
276 115
4
273 150
327 155
328 143
275 138
6
276 111
335 115
338 85
331 84
329 108
276 103
4
294 74
292 100
304 100
305 74
6
343 73
290 68
289 70
271 69
272 57
343 63
4
331 72
331 77
340 81
340 73
4
114 47
143 47
143 76
114 76
4
272 28
271 46
281 46
281 28
4
286 26
285 47
300 48
300 28
4
284 24
304 26
303 15
284 14
4
273 20
272 25
281 25
281 16
6
231 34
231 79
259 78
259 72
264 72
264 34
21
193 49
193 58
196 58
199 61
199 68
203 72
212 75
219 74
219 73
225 69
225 61
227 61
227 51
222 51
222 42
216 37
208 37
209 36
201 36
195 40
195 50
10
146 76
170 76
170 38
167 38
167 36
165 36
165 33
141 32
141 43
146 43
4
51 39
100 39
100 48
50 48
4
51 53
99 53
99 61
51 61
4
35 77
35 86
51 86
51 77
10
51 72
51 91
79 91
79 82
72 82
72 72
68 72
68 82
55 82
55 72
12
47 96
47 99
35 99
35 101
48 101
49 110
73 110
73 105
76 105
76 100
73 100
73 96
4
31 113
79 113
79 139
32 139
4
31 141
57 141
57 154
31 154
4
31 156
57 156
57 171
33 171
8
57 159
67 156
67 155
77 155
77 171
67 171
67 167
57 168
4
89 95
126 95
126 116
89 116
10
89 122
89 150
97 150
97 142
106 142
106 150
113 150
113 142
126 142
126 122
4
227 96
227 159
250 159
250 96
8
193 139
222 139
224 136
224 126
221 123
199 123
190 132
190 136
4
144 104
159 117
174 103
159 88
7
191 99
221 99
224 101
224 112
221 115
199 115
191 107
24
149 128
146 131
146 139
149 142
151 140
154 143
152 146
155 149
164 149
166 146
165 143
168 140
170 142
173 139
173 131
170 128
168 129
165 127
166 124
163 121
155 121
152 124
154 126
151 129
