49 393
42 385
39 374
47 375
50 385
35 362
47 363
57 375
57 364
64 369
70 361
72 361
80 361
82 370
88 364
96 364
95 358
103 360
111 360
118 360
125 357
136 356
40 355
52 356
62 356
75 355
86 355
34 349
24 321
27 328
30 333
30 343
38 341
41 384
47 341
53 349
55 343
60 347
64 343
70 347
76 346
81 348
87 345
95 348
103 345
111 347
119 344
126 347
133 345
39 319
49 316
54 328
69 319
76 324
80 316
83 326
89 323
92 316
97 326
103 320
108 328
36 299
29 292
34 287
26 267
26 243
63 306
108 411
112 406
107 398
119 395
121 410
141 412
132 408
134 397
141 403
127 396
164 364
149 364
157 359
160 397
171 311
156 306
152 303
172 302
164 305
147 350
139 284
135 281
130 284
128 271
137 268
129 261
137 255
129 250
131 242
140 241
107 198
114 197
130 197
134 198
141 197
152 197
161 197
99 192
90 207
98 208
83 208
89 200
89 190
86 185
49 226
42 226
34 226
29 223
30 216
39 219
44 215
38 190
37 183
43 186
49 190
49 183
88 167
115 169
128 168
149 167
158 170
164 169
118 155
129 152
99 155
78 163
60 152
67 148
77 148
134 137
129 131
138 107
131 104
136 100
129 94
92 91
104 91
33 108
77 108
32 88
34 70
34 61
41 58
39 45
44 43
97 75
92 73
104 24
167 24
139 24
193 25
201 20
187 22
196 79
221 79
202 363
223 360
250 365
224 343
241 345
252 344
262 331
269 330
199 312
206 304
229 304
241 301
293 278
189 242
232 247
212 196
195 167
197 168
236 168
257 169
254 152
260 143
253 127
255 111
259 99
255 90
242 89
211 93
197 94
195 77
223 76
226 40
222 36
187 22
200 19
276 94
285 98
281 88
288 88
280 88
312 85
316 45
342 36
319 23
348 23
190 22
320 20