15 405
25 405
35 405
45 405
55 405
65 405
15 385
25 385
35 385
45 385
55 385
65 385
75 385
85 385
95 385
105 385
115 385
125 385
135 385
15 365
25 365
35 365
45 365
55 365
65 365
75 365
85 365
95 365
105 365
115 365
125 365
135 365
15 345
25 345
35 345
45 345
55 345
65 345
75 345
85 345
95 345
15 325
25 325
35 325
45 325
55 325
65 325
75 325
85 325
95 325
15 305
25 305
15 285
25 285
15 265
15 245
15 205
15 225
25 225
35 225
45 225
55 225
15 185
45 185
15 165
115 230
125 230
135 230
145 230
155 230
165 230
175 230
185 230
195 230
205 230
215 230
225 230
235 230
245 230
255 230
115 155
125 155
135 155
145 155
155 155
165 155
175 155
185 155
195 155
205 155
215 155
225 155
235 155
245 155
255 155
285 405
295 405
305 405
315 405
325 405
335 405
345 405
355 405
225 385
235 385
245 385
255 385
265 385
275 385
285 385
295 385
305 385
315 385
325 385
335 385
345 385
355 385
225 365
235 365
245 365
255 365
265 365
275 365
285 365
295 365
305 365
315 365
325 365
335 365
345 365
355 365
305 345
315 345
325 345
335 345
345 345
355 345
325 325
335 325
345 325
355 325
