101 397 104 406
104 406 75 416
75 416 72 406
72 406 101 397

231 394 250 405
250 405 244 415
244 415 223 415
223 415 220 413
220 413 231 394

173 343 173 349
173 349 153 349
153 349 153 343
153 343 173 343

210 343 210 349
210 349 190 349
190 349 190 343
190 343 210 343

149 311 149 315
149 315 155 315
155 315 155 317
155 317 158 317
158 317 158 326
158 326 151 326
151 326 151 335
151 335 122 335
122 335 122 328
122 328 115 328
115 328 115 317
115 317 119 317
119 317 119 315
119 315 125 315
125 315 125 311
125 311 149 311

237 311 237 315
237 315 242 315
242 315 242 317
242 317 247 317
247 317 247 327
247 327 240 327
240 327 240 335
240 335 211 335
211 335 211 327
211 327 204 327
204 327 204 318
204 318 208 318
208 318 208 315
208 315 213 315
213 315 213 311
213 311 237 311

280 302 280 327
280 327 272 327
272 327 272 302
272 302 280 302

260 300 268 300
268 300 268 311
268 311 260 311
260 311 260 300

259 314 268 314
268 314 268 321
268 321 259 321
259 321 259 314

256 300 256 312	
256 312	249 312
249 312 249 300
249 300 256 300

270 284 270 296
270 296 244 296
244 296 244 284
244 284 270 284

305 283 305 296
305 296 274 296
274 296 274 283
274 283 305 283

305 261 305 274
305 274 274 274
274 274 274 261
274 261 305 261

270 261 270 275
270 275 252 275
252 275 252 280
252 280 237 280
237 280 237 261
237 261 270 261

303 240 303 252
303 252 238 252
238 252 238 240
238 240 303 240

229 292 229 304
229 304 215 304
215 304 215 292
215 292 229 292

221 259 221 287
221 287 187 287
187 287 187 259
187 259 221 259

227 241 227 252
227 252 197 252
197 252 197 241
197 241 227 241

175 242 175 252
175 252 145 252
145 252 145 242
145 242 175 242 

171 258 171 288
171 288 148 288
148 288 148 258
148 258 171 258

148 293 148 306
148 306 128 306
128 306 128 293
128 293 148 293

124 301 124 308
124 308 71 308
71 308 71 301
71 301 124 301

124 287 124 296
124 296 63 296
63 296 63 287
63 287 124 287 

124 282 124 286
124 286 112 286
112 286 112 282
112 282 124 282

74 283 74 286
74 286 63 286
63 286 63 283
63 283 74 283

87 274 87 282
87 282 63 282
63 282 63 274
63 274 87 274

124 271 124 278
124 278 90 278
90 278 90 271
90 271 124 271

124 240 124 266
124 266 80 266
80 266 80 240
80 240 124 240

76 233 76 264
76 264 65 264
65 264 65 233
65 233 76 233

52 284 52 308
52 308 41 308
41 308 41 284
41 284 52 284

55 272 55 279
55 279 28 279
28 279 28 272
28 272 55 272

37 262 43 266
43 266 37 272
37 272 31 266
31 266 37 262

57 251 57 261
57 261 27 261
27 261 27 251
27 251 57 251

57 237 57 250
57 250 34 250
34 250 34 237
34 237 57 237

104 219 104 202
104 202 176 202
176 202 176 219
176 219 104 219

104 192 104 176
104 176 176 176
176 176 176 192
176 192 104 192

186 192 186 176
186 176 258 176
258 176 258 192
258 192 186 192

186 219 186 202
186 202 258 202
258 202 258 219
258 219 186 219

270 227 270 200
270 200 300 200
300 200 300 227
300 227 270 227

310 235 310 213
310 213 318 213
318 213 318 235
318 235 310 235

310 213 310 200
310 200 323 200
323 200 323 213
323 213 310 213

286 197 286 181
286 181 321 181
321 181 321 197
321 197 314 197
314 197 314 193
314 193 300 193
300 193 300 197
300 197 286 197

286 197 286 184
286 184 283 184
283 184 283 180
283 180 288 180
288 180 288 178
288 178 280 178
280 178 280 183
280 183 270 184
270 184 270 197
270 197 286 197

274 178 274 166
274 166 320 166
320 166 320 177
320 177 274 178

275 150 276 137
276 137 329 142
329 142 328 155
328 155 275 150

276 130 277 116
277 116 324 120
324 120 323 135
323 135 276 130

96 224 96 212
96 212 66 212
66 212 66 224
66 224 96 224

75 204 83 197
83 197 83 185
83 185 76 178
76 178 66 178
66 178 56 185
56 185 56 197
56 197 64 204
64 204 75 204

28 206 51 206
51 206 51 197
51 197 28 197
28 197 28 206

28 196 32 196
32 196 32 179
32 179 28 179
28 179 28 196

276 161 276 156
276 156 325 158
325 158 325 162
325 162 276 161 

75 171 75 155
75 155 65 155
65 155 65 171
65 171 75 171

65 166 65 159
65 159 55 159
55 159 55 166
55 166 65 166

55 171 55 141
55 141 30 141
30 141 30 171
30 171 55 171

77 137 77 113
77 113 30 113
30 113 30 137
30 137 77 137

71 108 71 103
71 103 73 103
73 103 73 99
73 99 71 99
71 99 71 95
71 95 46 95
46 95 46 97
46 97 34 97
34 97 34 100
34 100 47 100
47 100 47 108
47 108 71 108

111 148 111 140
111 140 124 140
124 140 124 121
124 121 88 121
88 121 88 149
88 148 95 148
95 148 95 140
95 140 104 140
104 140 104 148
104 148 111 148

124 114 124 94
124 94 88 94
88 94 88 114
88 114 124 114

162 148 165 145
165 145 162 142
162 142 166 138
166 138 169 141
169 141 172 138
172 138 172 131
172 131 168 127
168 127 166 129
166 129 162 125
162 125 164 123
164 123 160 120
160 120 154 120
154 120 151 123
151 123 153 125
153 125 149 129
149 129 147 127
147 127 144 130
144 130 144 137
144 137 147 140
147 140 149 138
149 138 153 142
153 142 151 144
151 144 154 148
154 148 162 148

161 115 172 104
172 104 172 99
172 99 161 88
161 88 155 88
155 88 144 99
144 99 144 106
144 106 155 115
155 115 161 115

220 113 223 111
223 111 223 99
223 99 220 97
220 97 190 97
190 97 190 106
190 106 197 113
197 113 220 113

220 138 223 135
223 135 223 125
223 125 220 122
220 122 198 122
198 122 189 131
189 131 189 135
192 138 220 138

227 158 250 158
250 158 250 140
250 140 227 140
227 140 227 158

250 138 250 94
250 94 227 94
227 94 227 138
227 138 250 138

326 155 327 141
327 141 275 137
275 137 274 149
274 149 326 155

275 129 322 134
322 134 322 119
322 119 276 114
276 114 275 129

275 109 335 114
335 114 338 84
338 84 331 83
331 83 329 106
329 106 276 102
276 102 275 109

329 106 330 96
330 96 311 96
311 96 310 96
310 96 304 96
304 96 304 102
304 102 310 102
310 102 309 104
309 104 329 106

303 98 304 73
304 73 294 73
294 73 292 98
292 98 303 98

340 76 340 71
340 71 343 71
343 71 343 55
343 55 271 55
271 55 271 67
271 67 331 71
331 71 331 76
331 76 340 76

299 45 299 24
299 24 303 24
303 24 303 13
303 13 284 13
284 13 286 23
286 23 285 45
285 45 299 45

271 44 280 44
280 44 280 26
280 26 271 26
271 26 271 44

259 77 259 71
259 71 264 71
264 71 264 32
264 32 230 32
230 32 230 77
230 77 259 77

211 73 218 73
218 73 224 68
224 68 224 59
224 59 226 59
226 59 226 50
226 50 220 49
220 49 220 40
220 40 215 36
215 36 207 36
207 36 207 34
207 34 200 34
200 34 194 39
194 39 194 48
194 48 191 48
191 48 191 56
191 56 198 59
198 59 198 67
198 67 202 71
202 71 211 73

185 81 190 78
190 78 190 35
190 35 184 32
184 32 170 35
170 35 170 78
170 78 176 81
176 81 185 81
184 75 184 61
184 61 183 59
183 59 177 59
177 59 176 60
176 60 176 75
176 75 177 77
177 77 183 77
183 77 184 75
177 54 183 55
183 55 183 36
183 36 177 36
177 36 177 54

168 74 168 37
168 37 163 31
163 31 140 31
140 31 140 41
140 41 144 41
144 41 144 74
144 74 168 74

141 74 141 46
141 46 113 46
113 46 113 74
113 74 141 74

97 46 98 36
98 36 49 37
49 37 49 46
49 46 97 46

97 59 97 52
97 52 49 52
49 52 49 59
49 59 97 59

77 89 77 80
77 80 70 80
70 80 70 71
70 71 85 71
85 71 85 62
85 62 39 62
39 62 39 71
39 71 49 71
49 71 49 75
49 75 34 75
34 75 34 85
34 85 49 85
49 85 49 89
49 89 77 89
