36 412 35 396
35 396 23 352

29 354 46 396
46 396 138 369
138 369 165 370
165 370 172 351

144 382 152 382
152 382 147 391
147 391 144 382

48 410 135 383
135 383 146 394
146 394 146 413

150 410 156 387
156 387 165 381
165 381 206 381
206 381 283 406
283 406 283 411

288 412 292 403
292 403 352 403

352 395 288 395
288 395 290 351

286 353 283 393
283 393 192 370
192 370 190 352

17 336 23 352
18 313 29 354

172 351 172 336
172 336 63 336
63 336 20 305

244 335 190 335
190 335 190 352

25 307 65 332
65 332 55 302

187 307 187 330
187 330 242 332

57 303 72 333
72 333 175 333
175 333 175 306

25 307 21 231
21 231 55 230
55 230 55 302

175 306 175 230
175 230 57 230
57 230 57 303	

20 305 17 263
17 263 21 132
21 132 17 133
17 133 25 37
25 37 75 22

75 22 75 29
75 29 76 29	

76 29 37 34
37 34 26 48
26 48 23 167
23 167 77 167
77 167 79 78
79 78 97 78
97 78 97 71
97 71 100 71
100 71 102 25
102 25 266 25
266 25 268 223

25 224 23 172
23 172 89 172
89 172 91 197
91 197 97 200
97 200 96 224
96 224 25 224

101 215 101 224
101 224 258 224
258 224 258 159
258 159 80 159
80 159 80 169

82 154 82 82
82 82 256 82
256 82 256 156
256 156 82 154

101 215 101 198
101 198 92 195
92 195 92 169
92 169 80 169

185 307 184 288
184 288 184 230
184 230 298 230
298 230 304 233
304 233 304 292
304 292 290 292
290 292 285 319
285 319 282 323
282 323 268 332
268 332 242 332

242 335 270 335
270 335 279 338
279 338 286 353

290 354 292 297
292 297 308 297
308 297 308 234
308 234 302 225
302 225 268 223

105 43 107 77
107 77 265 78
265 78 265 29
265 29 128 27
128 27 128 43
128 43 105 43

276 331 287 326
287 326 287 337
287 337 276 331
